n time(s)
n=2^10
0.001033
0.892064
0.339581
n=2^11
0.003583
0.989235
-19.2395
n=2^12
0.009672
-0.138558
18.4751
n=2^13
0.016936
0.194461
-26.8126
n=2^14
0.03834
-0.948562
-81.1465
n=2^15
0.080346
-0.807426
42.9216
n=2^16
0.151099
0.101657
-53.8481
n=2^17
0.329209
-0.309589
-113.35
n=2^18
0.59441
-0.907294
-287.419
n=2^19
1.20018
0.908042
306.385
n=2^20
2.36942
0.0778301
-645.386
n=2^21
4.77426
0.347706
1051.18
n=2^22
12.5556
0.607046
-310.471
n=2^23
23.9395
0.0420067
-3791.76
n=2^24
47.2236
0.212533
-4262.81
n=2^25
94.5571
-0.381145
5099.95
n=2^26
188.497
0.813755
6175.79
n=2^27
376.001
-0.686306
-711.103
n=2^28
882.379
-0.730231
18778.2
n=2^29
8395.64
-0.940765
5647.09
n=2^30
16272.8
-0.123792
-9665.65
